      0/99     4.33G   0.07741    0.3581         0    0.4355        75      1024    0.6861    0.7245    0.7398    0.2882   0.05065    0.2701         0
      1/99     4.26G   0.05773    0.3349         0    0.3926       128      1024    0.6384    0.7239    0.7173    0.2827   0.04589    0.2493         0
      2/99     4.26G    0.0527    0.3394         0    0.3921       107      1024     0.824    0.7272    0.7813    0.3018   0.04841    0.2928         0
      3/99     4.26G   0.05285    0.3902         0    0.4431        48      1024    0.8707    0.8009    0.8731    0.3898   0.04317    0.2583         0
      4/99     4.26G   0.04644    0.3484         0    0.3948       134      1024    0.8941    0.8396    0.9035    0.4187      0.04    0.2456         0
      5/99     4.26G   0.04341    0.3337         0    0.3771        69      1024    0.9022    0.8658    0.9208    0.4722   0.03742    0.2396         0
      6/99     4.26G    0.0419     0.322         0    0.3639        49      1024    0.9094    0.8766    0.9296    0.4833    0.0367    0.2395         0
      7/99     4.26G   0.04098    0.3155         0    0.3564       182      1024    0.9172    0.8708    0.9315    0.4874   0.03652    0.2344         0
      8/99     4.26G    0.0405    0.3115         0     0.352        39      1024    0.9159    0.8841    0.9377    0.5049   0.03514    0.2333         0
      9/99     4.26G    0.0396    0.3149         0    0.3545       102      1024    0.9256    0.8794    0.9392     0.507   0.03511    0.2316         0
     10/99     4.26G   0.03974    0.3131         0    0.3528       123      1024    0.9196     0.885    0.9399    0.5065   0.03533    0.2311         0
     11/99     4.26G     0.039    0.3031         0    0.3421       178      1024    0.9204    0.8869    0.9419    0.5113   0.03483    0.2296         0
     12/99     4.26G   0.03859    0.3048         0    0.3434        99      1024    0.9222    0.8824    0.9401    0.5079   0.03486    0.2295         0
     13/99     4.26G   0.03842    0.3066         0    0.3451        69      1024    0.9195    0.8926    0.9444    0.5141   0.03429    0.2284         0
     14/99     4.26G   0.03813    0.3041         0    0.3422        86      1024    0.9196    0.8887    0.9414    0.5169   0.03426    0.2292         0
     15/99     4.26G   0.03779    0.3022         0      0.34       167      1024    0.9269    0.8917    0.9452    0.5223   0.03399    0.2278         0
     16/99     4.26G   0.03766    0.2975         0    0.3352        94      1024    0.9153    0.8965    0.9438    0.5238   0.03392    0.2277         0
     17/99     4.26G   0.03754    0.3051         0    0.3427       147      1024    0.9239    0.8958    0.9467    0.5276   0.03353    0.2259         0
     18/99     4.26G   0.03736    0.2997         0    0.3371        77      1024    0.9311    0.8885    0.9464    0.5277   0.03375    0.2271         0
     19/99     4.26G   0.03702    0.2993         0    0.3363        60      1024    0.9315    0.8922    0.9471    0.5289   0.03344    0.2262         0
     20/99     4.26G   0.03698    0.2965         0    0.3335        54      1024    0.9253    0.8961    0.9473    0.5319   0.03323    0.2251         0
     21/99     4.26G   0.03677    0.2976         0    0.3343       132      1024    0.9251    0.8948    0.9477    0.5274    0.0336    0.2263         0
     22/99     4.26G   0.03695     0.299         0     0.336       233      1024    0.9244    0.8955    0.9464    0.5268   0.03361    0.2258         0
     23/99     4.26G   0.03643    0.2978         0    0.3342       224      1024    0.9269    0.8979    0.9492    0.5358   0.03303    0.2248         0
     24/99     4.26G   0.03661    0.2966         0    0.3332        57      1024    0.9216    0.9038    0.9486    0.5325   0.03327    0.2252         0
     25/99     4.26G   0.03611    0.2953         0    0.3314       110      1024    0.9253    0.8989    0.9491    0.5343   0.03314    0.2246         0
     26/99     4.26G   0.03637    0.2942         0    0.3305        61      1024     0.925    0.9007    0.9489    0.5349   0.03314    0.2243         0
     27/99     4.26G   0.03611    0.2935         0    0.3296       184      1024    0.9375    0.8912    0.9497    0.5359   0.03298    0.2247         0
     28/99     4.26G   0.03601    0.2924         0    0.3284       113      1024    0.9251    0.8991    0.9491    0.5327   0.03308    0.2247         0
     29/99     4.26G   0.03607    0.2951         0    0.3312       100      1024    0.9317    0.8974    0.9504    0.5391   0.03281    0.2242         0
     30/99     4.26G   0.03579    0.2885         0    0.3243       120      1024    0.9311    0.9009    0.9517    0.5399   0.03273    0.2235         0
     31/99     4.26G   0.03575     0.288         0    0.3238       117      1024    0.9329    0.8985      0.95    0.5376   0.03281    0.2237         0
     32/99     4.26G   0.03562    0.2876         0    0.3232        72      1024    0.9287     0.902    0.9505    0.5367   0.03294    0.2236         0
     33/99     4.26G   0.03564    0.2934         0    0.3291       136      1024    0.9311    0.8984      0.95    0.5388   0.03281    0.2237         0
     34/99     4.26G   0.03557    0.2899         0    0.3255       151      1024    0.9351    0.8982    0.9513    0.5403   0.03276    0.2235         0
     35/99     4.26G   0.03518    0.2898         0    0.3249       104      1024    0.9311    0.8986    0.9502    0.5387   0.03283    0.2238         0
     36/99     4.26G   0.03528    0.2856         0    0.3209       110      1024    0.9286    0.9032    0.9507      0.54   0.03269    0.2237         0
     37/99     4.26G   0.03521    0.2885         0    0.3237       214      1024    0.9266    0.9014    0.9487     0.537   0.03282    0.2241         0
